100 100
633429 210226
450 350
100000 637599
488926 873787
386532 185237
314527 583
874122 886764
301277 858902
146554 551558
622293 743471
615412 319602
56324 635819
221677 531184
92297 552251
47223 81877
230050 858871
184074 204314
852443 439368
463431 931649
888254 281036
16193 59288
886093 418633
741826 864287
887541 976875
233398 156024
580780 158933
933520 379032
869998 155780
278316 225577
70441 811966
732346 30098
562684 524781
767033 633507
56908 644101
285916 989252
847470 692716
916799 725634
372084 635619
109648 652972
751503 96395
80701 1310
331546 32431
688611 214976
777152 426960
850850 343706
980369 846608
859746 681377
569810 907596
370587 497727
350434 38536
352926 659746
842215 462701
242509 395499
564523 93809
155259 990248
40774 320709
444309 742866
458884 683600
835552 880337
501829 172116
353346 729022
24251 759830
101826 462572
966396 901550
70754 232762
775099 799201
214537 277552
793308 879290
897711 86583
939417 74437
578873 489185
809291 249564
513003 506114
812702 421451
213342 709185
199072 186981
580383 384235
749915 92028
56814 211613
498979 737873
608851 126928
104248 872811
435880 515893
706731 218732
400657 45862
868128 155117
522510 165247
571086 593977
913255 691834
197200 112752
249838 553470
513625 744464
763214 399874
441839 529748
694270 475955
643790 34204
934090 862665
932309 322675
893751 321500